Random Under Sampler: {
    'acc': 0.5513987286579125,
    'pre': 0.009966353729565045,
    'rec': 0.5507060510783827,
    'f1s': 0.01957838930182096}

Edited Nearest Neighbours: {
    'acc': 0.9918656538551052,
    'pre': 0.3181818181818182,
    'rec': 9.6530420872635e-05,
    'f1s': 0.00019300228845570597}

ADASYN: {
    'acc': 0.5374117224806593,
    'pre': 0.010065631438085193,
    'rec': 0.5739698825086877,
    'f1s': 0.0197843081659587}